4294967293,131
4294967293,130
4294967293,129
4294967293,128
4294967293,127
4294967293,126
4294967293,125
4294967293,124
4294967293,123
4294967293,122
4294967293,121
4294967293,120
4294967293,119
4294967293,118
4294967293,117
4294967293,116
4294967293,115
4294967293,114
4294967293,113
4294967293,112
4294967293,111
4294967293,110
4294967293,109
4294967293,108
4294967293,107
4294967293,106
4294967293,105
4294967293,104
4294967293,103
4294967293,102
4294967293,101
4294967293,100
4294967293,99
4294967293,98
4294967293,97
4294967293,96
4294967293,95
4294967293,94
4294967293,93
4294967293,92
4294967293,91
4294967293,90
4294967293,89
4294967293,87
4294967293,86
4294967293,85
4294967293,84
4294967293,83
4294967293,82
4294967293,81
4294967293,80
4294967293,79
4294967293,78
4294967293,77
4294967293,76
4294967293,75
4294967293,74
4294967293,73
4294967293,72
4294967293,71
4294967293,70
4294967293,69
4294967293,68
4294967293,67
4294967293,66
4294967293,65
4294967293,64
4294967293,63
4294967293,62
4294967293,61
4294967293,60
4294967293,59
4294967293,58
4294967293,57
4294967293,56
4294967293,55
4294967293,54
4294967293,53
4294967293,52
4294967293,51
4294967293,50
4294967293,49
4294967293,48
4294967293,47
4294967293,46
4294967293,45
4294967293,44
4294967293,43
4294967293,42
4294967293,41
4294967293,40
4294967293,39
4294967293,38
4294967293,37
4294967293,36
4294967293,35
4294967293,34
4294967293,33
4294967293,32
4294967293,31
4294967293,30
4294967293,29
4294967293,28
4294967293,27
4294967293,26
4294967293,25
4294967293,24
4294967293,23
4294967293,22
4294967293,21
4294967293,20
4294967293,19
4294967293,18
4294967293,17
4294967293,16
4294967293,15
4294967293,14
4294967293,13
4294967293,12
4294967293,11
4294967293,10
4294967293,9
4294967293,8
4294967293,7
4294967293,6
4294967293,5
4294967293,4
4294967293,3
4294967278,109
4294967278,106
4294967278,97
4294967278,90
4294967278,89
4294967278,87
4294967278,80
4294967278,79
4294967278,78
4294967278,69
4294967278,66
4294967278,63
4294967278,58
4294967278,36
4294967278,35
4294967278,33
4294967278,32
4294967278,30
4294967278,29
4294967278,28
4294967278,26
4294967278,25
4294967278,174
4294967279,132
4294967279,131
4294967279,130
4294967279,128
4294967279,75
4294967279,73
4294967279,70
4294967279,68
4294967279,67
4294967279,65
4294967279,64
4294967279,63
4294967279,62
4294967279,34
4294967279,33
4294967279,29
4294967279,26
4294967279,25
4294967279,24
4294967279,23
4294967279,22
4294967279,21
4294967279,20
4294967279,19
4294967279,18
4294967279,17
4294967279,16
4294967279,340
4294967279,283
4294967279,15
4294967279,14
4294967279,13
4294967279,11
4294967279,10
4294967279,9
4294967279,8
4294967279,7
4294967279,6
4294967279,174
4294967279,2
4294967279,4
4294967294,2179
4294967279,341
4294967278,286
4294967294,260
4294967294,278
4294967294,256
4294967294,1428
4294967294,1493
4294967294,2264
4294967294,259
4294967294,2186
4294967294,2182
4294967294,902
4294967294,1462
4294967294,1425
4294967294,1444
4294967294,499
4294967294,1432
4294967294,2181
4294967294,929
1,0
4294967294,1367
4294967294,232
4294967294,231
4294967294,230
4294967294,229
4294967294,225
4294967294,222
4294967294,221
4294967294,219
4294967294,214
4294967294,213
4294967294,212
4294967294,211
4294967294,207
4294967294,206
4294967294,2265
4294967294,205
4294967294,199
4294967294,196
4294967294,492
4294967294,194
4294967294,193
4294967294,192
4294967294,831
4294967294,828
4294967294,826
4294967294,825
4294967294,822
4294967294,821
4294967294,819
4294967294,816
4294967294,814
4294967294,813
4294967294,810
4294967294,806
4294967294,226
4294967294,805
4294967294,804
4294967294,803
4294967294,801
4294967294,800
4294967294,797
4294967294,796
4294967294,795
4294967294,794
4294967294,793
4294967294,791
4294967294,790
4294967294,789
4294967294,498
4294967294,788
4294967294,787
4294967294,786
4294967294,142
4294967294,785
4294967294,784
4294967294,783
4294967294,782
4294967294,779
4294967294,778
4294967294,777
4294967294,776
4294967294,775
4294967294,774
4294967294,773
4294967294,2241
4294967294,770
4294967294,768
4294967294,1757
4294967294,765
4294967294,764
4294967294,763
4294967294,762
4294967294,761
4294967294,760
4294967294,759
4294967294,758
4294967294,757
4294967294,756
4294967294,755
4294967294,754
4294967294,753
4294967294,752
4294967294,745
4294967294,744
4294967294,743
4294967294,742
4294967294,741
4294967294,739
4294967294,738
4294967294,735
4294967294,734
4294967294,733
4294967294,732
4294967294,730
4294967294,728
4294967294,727
4294967294,726
4294967294,725
4294967294,724
4294967294,723
4294967294,722
4294967294,721
4294967294,720
4294967294,139
4294967294,719
4294967294,718
4294967294,717
4294967294,716
4294967294,714
4294967294,713
4294967294,712
4294967294,711
4294967294,710
4294967294,709
4294967294,708
4294967294,702
4294967294,697
4294967294,692
4294967294,691
4294967294,689
4294967294,688
4294967294,2178
4294967294,682
4294967294,681
4294967294,680
4294967294,679
4294967294,429
4294967294,678
4294967294,667
4294967294,666
4294967294,664
4294967294,657
4294967294,655
4294967294,654
4294967294,652
4294967294,651
4294967294,650
4294967294,649
4294967294,648
4294967294,645
4294967294,642
4294967294,641
4294967294,640
4294967294,639
4294967294,638
4294967294,637
4294967294,631
4294967294,629
4294967294,627
4294967294,626
4294967294,624
4294967294,623
4294967294,622
4294967294,621
4294967294,620
4294967294,619
4294967294,618
4294967294,617
4294967294,615
4294967294,614
4294967294,613
4294967294,608
4294967294,607
4294967294,606
4294967294,603
4294967294,601
4294967294,600
4294967294,1805
4294967294,599
4294967294,596
4294967294,594
4294967294,593
4294967294,592
4294967294,591
4294967294,590
4294967294,589
4294967294,588
4294967294,587
4294967294,586
4294967294,585
4294967294,583
4294967294,582
4294967294,580
4294967294,578
4294967294,577
4294967294,560
4294967294,1443
4294967294,558
4294967294,557
4294967294,556
4294967294,555
4294967294,553
4294967294,550
4294967294,548
4294967294,545
4294967294,543
4294967294,541
4294967294,1804
4294967294,537
4294967294,530
4294967294,947
4294967278,407
4294967294,292
4294967294,444
4294967294,279
4294967294,1748
4294967294,1746
4294967294,445
4294967294,1734
4294967294,1471
4294967294,1467
4294967294,1466
4294967294,524
4294967294,1363
4294967294,424
4294967294,1355
4294967294,1803
4294967294,1802
4294967294,1800
4294967294,1801
4294967294,2177
4294967294,1735
4294967294,512
4294967294,513
4294967294,164
4294967294,1745
4294967294,1799
4294967294,1798
4294967294,431
4294967294,270
4294967294,948
4294967294,950
4294967294,951
4294967294,1744
4294967294,1747
4294967294,1795
4294967294,1794
4294967294,1793
4294967294,432
4294967294,1792
4294967294,511
4294967294,514
4294967294,510
4294967294,515
4294967294,1470
4294967294,1729
4294967294,507
4294967294,1732
4294967294,1737
4294967294,1430
4294967294,506
4294967294,2245
4294967294,505
4294967294,1469
4294967294,1454
4294967294,1453
4294967294,1456
4294967294,1445
4294967294,504
4294967294,1452
4294967294,470
4294967294,927
4294967294,1463
4294967294,2263
4294967294,1730
4294967294,390
4294967294,2260
4294967294,525
4294967294,526
4294967294,1465
4294967294,1354
4294967294,1468
4294967294,1740
4294967294,1441
4294967294,51
4294967294,1458
4294967294,1731
4294967294,1461
4294967294,1353
4294967294,1457
4294967294,469
4294967294,1728
4294967294,2188
4294967294,447
4294967294,9
4294967294,1658
4294967294,1657
4294967294,1656
4294967294,1655
4294967294,1654
4294967294,1652
4294967294,1651
4294967294,1650
4294967294,1649
4294967294,1648
4294967294,1647
4294967294,1646
4294967294,1645
4294967294,1644
4294967294,1643
4294967294,1653
4294967294,1642
4294967279,336
4294967279,338
4294967279,337
4294967279,331
4294967278,406
4294967278,398
4294967279,330
4294967279,329
4294967279,328
4294967278,397
4294967278,405
4294967278,396
4294967279,327
4294967278,395
4294967278,404
4294967278,394
4294967279,339
4294967294,121
4294967294,120
4294967294,39
4294967294,1641
4294967294,1640
4294967294,1639
4294967294,1638
4294967294,1637
4294967294,1635
4294967294,1634
4294967294,1633
4294967294,1632
4294967294,1631
4294967294,1630
4294967294,1629
4294967294,1628
4294967294,1627
4294967294,1626
4294967294,1636
4294967294,1625
4294967294,1624
4294967294,1623
4294967294,1622
4294967294,1621
4294967294,1620
4294967294,1618
4294967294,1617
4294967294,1616
4294967294,1615
4294967294,1614
4294967294,1613
4294967294,1612
4294967294,1611
4294967294,1610
4294967294,1609
4294967294,1619
4294967294,1608
4294967294,1607
4294967294,1606
4294967294,1605
4294967294,1604
4294967294,1603
4294967294,1601
4294967294,1600
4294967294,1599
4294967294,1598
4294967294,1597
4294967294,1596
4294967294,1595
4294967294,1594
4294967294,1593
4294967294,1592
4294967294,1602
4294967294,1591
4294967294,1590
4294967294,1589
4294967294,1588
4294967294,1587
4294967294,1586
4294967294,1584
4294967294,1583
4294967294,1582
4294967294,1581
4294967294,1580
4294967294,1579
4294967294,1578
4294967294,1577
4294967294,1576
4294967294,1575
4294967294,1585
4294967294,1574
4294967294,1573
4294967294,1572
4294967294,1571
4294967294,1570
4294967294,1569
4294967294,1567
4294967294,1566
4294967294,1565
4294967294,1564
4294967294,1563
4294967294,1562
4294967294,1561
4294967294,1560
4294967294,1559
4294967294,1558
4294967294,1568
4294967294,1557
4294967294,1556
4294967294,1555
4294967294,1554
4294967294,1553
4294967294,1552
4294967294,1550
4294967294,1549
4294967294,1548
4294967294,1547
4294967294,1546
4294967294,1545
4294967294,1544
4294967294,1543
4294967294,1542
4294967294,1541
4294967294,1551
4294967294,1540
4294967294,1539
4294967294,1538
4294967294,1537
4294967294,1536
4294967294,383
4294967294,381
4294967294,380
4294967294,379
4294967294,378
4294967294,377
4294967294,376
4294967294,375
4294967294,374
4294967294,373
4294967294,372
4294967294,382
4294967294,371
4294967294,370
4294967294,369
4294967294,368
4294967294,367
4294967294,366
4294967294,364
4294967294,363
4294967294,362
4294967294,361
4294967294,360
4294967294,359
4294967294,358
4294967294,357
4294967294,356
4294967294,355
4294967294,365
4294967294,354
4294967294,353
4294967294,352
4294967294,351
4294967294,350
4294967294,349
4294967294,347
4294967294,329
4294967294,328
4294967294,327
4294967294,326
4294967294,325
4294967294,324
4294967294,323
4294967294,322
4294967294,321
4294967294,348
4294967294,320
4294967294,346
4294967294,345
4294967294,344
4294967294,343
4294967294,342
4294967294,340
4294967294,339
4294967294,338
4294967294,337
4294967294,336
4294967294,335
4294967294,334
4294967294,333
4294967294,332
4294967294,331
4294967294,341
4294967294,330
4294967294,1406
4294967294,1404
4294967294,1403
4294967294,1401
4294967294,1400
4294967294,1398
4294967294,1397
4294967294,1057
4294967294,1396
4294967294,1405
4294967294,1395
4294967294,1349
4294967294,1348
4294967294,1347
4294967294,1346
4294967294,1345
4294967294,1344
4294967294,75
4294967294,37
4294967294,36
4294967294,1081
4294967294,1080
4294967294,945
4294967294,451
4294967294,448
4294967294,1426
4294967294,416
4294967294,414
4294967294,190
4294967294,187
4294967294,392
4294967294,401
4294967294,403
4294967294,397
4294967294,398
4294967294,411
4294967294,1741
4294967294,453
4294967294,435
4294967294,186
4294967294,177
4294967294,396
4294967294,395
4294967294,171
4294967294,165
4294967294,181
4294967294,188
4294967294,415
4294967294,144
4294967294,1352
4294967294,1068
4294967294,283
4294967294,1045
4294967294,1743
4294967279,575
4294967279,574
4294967278,385
4294967279,137
4294967279,571
4294967279,570
4294967279,569
4294967279,568
4294967279,268
4294967279,567
4294967279,566
4294967279,276
4294967279,565
4294967279,275
4294967279,563
4294967279,274
4294967278,403
4294967279,250
4294967279,561
4294967279,560
4294967279,558
4294967279,545
4294967278,234
4294967278,230
4294967279,217
4294967278,218
